1111 11111111
11. cc.
111111 11111111111111111111.

111111111161111111 1111111111111111111111111111111 ,

111111111111 11111 111111111111111111111 11111 111111
111111111 1111111111 1111111 1111111111 111111 1111111111.Α
111111. 6111111111 1521. 1 111111 6111111 1111111 11111111111111
1111111111 uta: ’111111111111 consolatoria 111 111111111111111111111111.
11111 11111 111 1111111 11111111 11111 1111111111· 11111. 1111111111 61. 1.
9. 5111. 1111111 1111111 111111111111111111111111111 111111111111111 111111
1111111111 11111. 11111151 111111. 11. 21. 11111111. 11111111 111 111
11111111111111. 1111111111 111111111111 61111111 11111 1111111111.
1111111 611111Τ111111111111 11111111111111111 111 1111111 1111· 1111 1111111
1111111 111111 1111111111 1111111111 111 1111111111 11111 11111111 11111 1111
111 6111111111 11111111. 11111. 1111111. 1. 311. 11111ΧΧ11.171.
1111111 x. 1131. ῦ11111111111111 11111 1111111 111 111111111111111111 ,
1111111111 1111111111 111.

nem υ1111111111111111 1111111111 3111111 111 1111111
hem ,1111111111 61111111 11 61111111 111 ᾖ. 1111111111
1111111 1111111111111 1111111111 111 11 111111 111 ,
6111111111 1111111 11111 12111111 111111 1111111111. 11.
111111111111111111 1111111111 111111111111 1111111111
1111 11111111111111 1111111111 11111111 1111111111 611111.

uus 111 111111111111111 Θ111111111111 1111111111111111111 .

111 111111111111111 111 11111111 11 1111111111 111 11111111
,1111111 11111111, 1111111 werf 111 11111111111111 11111111111
1111111111 11111111 11 1111111111 111 1111 1111111 11111111 ³
1111111111 1111 1111 11111111 1111111111111111111111 1111111
11 11111111111111111111 111111 &dms 1111111111111 111

11111111111111111 1111 111 111111 1111111111 11111111 11111 -

611111111111111111111 111 111111111111111111111 111 ‘
11111111111111111111111131111111111111111
1111 11111111611111 1111111 1111 111 1111 111
111111111 111111 1111111111111111 1111111. 1111

11111111 111111111111111, 1111111111 111 111111111111111111111 ,

111111111111111111111 1111111111 11111 111111 111 11111111 111

 

