6

m ⁸
1519. .· ·
novenum

29. 6 6 6666666 6666 66666666 6666666666 66 66666 666

ntum. mgnum 6666 666666. 6666666666 6666666666.

a 66666666 66666666 66666666 666 ben 6666666666 66 6666666 ¹

18. gffiessnradeeas' 666 6666 5366ῑᾶ

66· 666666 666666 66666666 66 666 6666666666 666666 6’ 6

, 6666666666 66666666.
6566.

{swan 6666666666 66 pen 6666666 666666 666 666666 6666 mo·
66 666666

6666666666 6666666 6666666 66 6666 66666666 6666 666666.
6666666666 6666666666. ·
66. 9666 6666666666 666 66666666 mmet 66666 ’63 6 Samon

6666 6666666. 6666666666
86666666

,6. 6666666666 66 666 6666666666 666 6666666 666 666 me .

62666 6666 6666666666.
7 66 6666666 666 6666666666 auf 666 866666, 66 66666 666
official& 666 66666666 666666 666 6666666666.
11. ἔτ 6666666 Me Tessaradecas 66666666 an &valam
12. 6666 immun 666 me amet 66. 6666 umet 666 66666666.
26. ‘Me 66666666 nn Mt mtscbssfcssebcn 66·
666666 ι
, 66. 666 &datm 666666 666 6666666 666 66 menet 2666666666
66 66666 666 6666666.
25. 66666666 an 6666666666 666 Ratio confitendi. 6666 w
6666 6666 66666666 6666 6666 66666 66666666 6666666666.

26. zie &dms 66 66666 666 66666666 6666 66666666 666 666666. , ,

6662666
may

¹0⁵ &1⁶thss &christ 86666 apostolica sedo, 66 videlicet ··

666666 juris sit 666. mat 6666666666. ’ .
63. 6. 6666666666 6666 6666666 6666. 6 (6666666666 666
2366666666 666666 66666666.
W· Ι. Ι m.

 

