1518.
33. 33333

N. CLI.
333 333 3333333333 3333333333. ·

3333333 333 33333333 ’3333333333333333333333

n. 333 33333 33 33333 3333333 33333 3 23. 333. 33 333 3333333333 3333 ''

63333 333 63333333 333 au 333 3333333333 3333333333 33333333, 3333333333333
333333 333 3.333333 senen 33333 33 3333333333 3333 33333 33333 3333333 33333 spon
33333333 3333333333 333333 33333 33 33333 3333 3333333333. 333 333 3333333333
3333333333 3333333333 3 3. 3. 333333 333 §tn 3333 xv 3523. 33333333 313. 335.)
33333333 3333333333 333 333333 333 33333333 333 33333333 333 3333.

3333333 333333 33 33333333 33333333 33 333 6333333 n. 33333333 3333333
3333333333 33 3333333333 333 63333333 3333333333 33

3333333 3333333333 3333333333 3333333 333 33333333333

ς. 3. Sc 3. 6333 3333333333. lx. 73. 333. 1. 353. 23333333 233 wald>
XV. 3333. 3333333333. 332. 3333333333 33333 33333333333333.

133333 Ό3333333333333333 ὸ33333333333 333333 333 33333.

Ι33333 3333333333 63333333 33 63333333 333 33333333 ·

1333333333 3333333 3333333333, 2333333333 2333333333
majest& 33 &amen 333333 3333333333 3333333333 33
3233333333. 3333333333 33 3333333333 33333333 3333333333
63333 333 3333333. .

31333.

933333333333333 3333333333 333333 3333333333 333333 33333Ι

3333333333 3333333 3333 33333 3333333333 3333333333 3333333

mit 333333 (3333333 N 33333 3333333 333333. (3333333333 33333 ’

333 3333 3 3333 33333 3. 333. (3. 93333333 33333 N. 333333

&aaz 333333 3333333333, 333 33333333 833333 3333333333 333 ⁴ ᾗ ’

bersabe 33. (ier 333 33333 &- 33. 3. 33. 33333 3333333 33 333333
3ῑὶ333333, 333 333 333 333333 3333333333 233333 33333 333

3333333 3333 33 &- 33. 3. 333. 33333 3333 3333333333 3333 3333333333 J

3333333.Ι 333 333 3333333333 333333 3333333333 333 3333333333

33333333 3333 33333 3333333333 333 333 33333 33333333 333 33 &- Ι

3. 33. N. 333 333 33333 3333333 333333 333 33 3333333 333333

 

