χ 1111. . ,111 s

1111111111111111111 111111 11 111111 111 111 111 111111
1111 6111111 11111 11111111 ’1111111111 1111111111111111 11111111
11111111111111111111 111111111111111 111111 11111. 111111
1111 111 1111111111 11111111111111111111 111 1111111111 1111111 ·
1. 11111111 11111111 1111 11 11111111 111 111111. 111111 111 11 ’
· 111111 1111 1111111111 1111111 1111111111] 1111111 111 11 111111

61111111 1111111111 111111 11 1111111111 111 111111 111111 11111111 x ’

1111111 11111111111111111 111111 11111111 111 11111 1111111

1111111111111111111 1111111111 11111 111111111111111111111 11 11111. ·

111111111111111111 1111. &a 11111111 111 1111111111111. ,
11111111 111111 11111111 1111111 11111 11111 1111 1111111
1111111111 111111 1111111 1111111111111 11111. , - =1

11111111 11111116111111111111 111 11111111 11111111 11111111 =
1111111111 1111111 111111 1111111111 11 1111111 11. 111 1111 11111
1111 taff 11111 111111 11111 1111 111111111Ι 61111111 111 11111111 11111 ³
111 1111 11111 11 1111111111. 1111111111111111111111111. 11111
1111111 111111 11111 1111111 111111.

11111 11111111 1111111 11111111, 111111111 111111 11111 1111
11111 11111 1111111111 11111111 1111 111 11111111 11111 1111 1111
1111111 1111111 11111111 1111 11 1111 11111111 111 11111111 margine
111111111111111111111111 vir, 111 1111111 111111 111 ='
6111111 11111111 11111 11 11111111 111 11111 61111111 111111
111111 111111.

11111111 11111 111 111111111161111 1111 11 11111111 1111
11111111 1111111111 Q. 11. (1.1111111111111. 111 1111111 1111
111111 111111 11111111111111 1111111111 11 11111111 11111 11111111 “
6111 1111111111. 1111 11111111 1111111 11111 1111 111 111 111

1111111111 111111111116111111111111 11111111 11 11111 111 Γ .

&matutina 111111 1111111111] 11111111 1111111111 1111111111
111111. 1111111111111 1111 1111111111 111 11111111 11111111 111111
1111111111 1111 11 111 1811111111 111 1111 11111111 111 11111111·
111111 81111111 11111111111111111111 11111111 (11111111 1111
11111111 111111 1111111111 1111 111111 1111111. ’

811111 1111111 1111 1. 11. 1. (1.1111111111111111 11111111.

&d 11111 1111111 1111111 6111111 11111 111111111111111111111111 ' 1
1111 11111 1111111111111. 1111111111111111111111111. . ’

1. Θ. 1111111 111111111111 11 1111111 11111111 11111 111111

11111111 11111 1111111 1111111111111111111 111 1111 1111111· .“ , ,

11111 11111111 111 1111111111 11111111111111 111 111 1· 1· 1·
’ , l

 

