1111. ' 111

11111111 11111111 1111 1111111111111111111111111111 111 k
111111 111 1111111111 11111 11111 1111111111 11111 11111111, 1111 ·
111 111111 1111111111 11111111, 1111 1111 1111111 1111111111 1111

Θ1.1111111111(11111.1118.1) 11111111111111111111 Δ

1111111111 , “ .
111 11111111 11 1111 &christ 1111111 11111 11111 111111 111
11111 111 1111 11111111 1111111 11111 111111111111 11111111 (111111,
111111111111111111111 11111 1111111111111111111 11111 1111
11111111 11111 111 111111 111 11 1111111111. &ic 11111 fur·
11111 111111 1111 1111111111111111 1111111111111111 11111111 ,
111 1111 1111 1111111111) 11111 111111111111111 11111 111
111111111 1111111. 11111111 1111111111111 111111 1111111
111 11 111111 111 1111111111 11111 111111 111111111111111111111111
11111 1111111111 111 11111 111 1111 111 1111111111 1111111 1111 -
1111 11111 1111 s
11111111 1111 111 1111111111 18111111 111 11 111111 1111111
11111111 1111111111111111111 11111111 1111111111 1111111111

11111 111111111 1111111111111111111. 111111111111111 11111111 .
1111111 111111 1111 111111111 111 11111111111111111111111111111 ’ “

1111111111 1111 111111111111111111. 1. 11. 111 11111111 1111·’
111111 11111111 111 11111111 11111 11111111111111111111 11·
11111 111 1111111 11111 1111111111111111111 1111 111111 111111·
1111· 111111111111111 111111 11111111 11111111111111 11. 11.

1111111111111111111111111.(111111111111111111111111111 · “

11111 11111111 1111111 11111111. 11 1111111111 111 11111111
111111111111111111111. - ¹
11111ῗ11ῗ111ῗ11111111 =
’1. 1111111111 111111·

m

19111111.
x ΝΟ. eccll: ὃ
’111 81111111. ,

, 1111111111111111111111111111,111111111111111111111111111111111111Ι ’

1111 111 11111111 11111111111111111111111 1. 11111111 111 11 111 1111111111

11111 11 1111111 1111 111111111111111111 1111 1111111111 1111111111 111111 1

 

