’ ’ 1111. , 111

ι111111111111111111111 11111111 1111111111 1111 11111 11111 11111111
111 11. 1111111(1.1111.11ἳ,11.) 1111111 1111 111 1111111
1111111111 111111 1111111111 111111 1111111111 11111 1111111111 111 111
tet 11111111 1111111111 11111 11111 111111111111111111111111

1111111111 11111 1111111111 111 11111111 1111111111 1111111111 Ι .

aad> 111111 11111111

1111 11111111 1111111 11111111111111111111111111111 ’

6111111 1111 111111 11111111111111111111111111 1111 11111 1111
111 11111 111111111111111111111 111111 11111 11111111 11111111

1111 1111 111 1111111111 111 1111111 1111111 11111 11111 1111111111· .
,11111 1111111 1111111111 11111 1111111 11111111 1111111 111111111111111111ἱ
11111111 1111111111111111111111111111 1111 11111 1111111111 1111· , “

1111111111111111 1111111111. 1111111111 11 1111 (1111111 1111 uno

1111111111 11111111 111111 1111111 1111111111111111 (111111 1111111111. .

1111 11111 1 11111111111111111111111111 111 1111 111

ῦ1111111111111111111 111111 111111 1111111111 11 td> 11111 1111111, - κ’
1111111 1111111111 1111 11111 1111111111 111111 1111111. 1111111111
5⁰ 11111111111111 111111, 11111 1111 1111 11111111 1111111 111 111 ‘ .

111111 1111111 111 1111 1111) 1111111 111111 1111 1111111. 1111111111

· 1111111 1111111111111111111111111 111111 11111111111111 -

Ι1111111 1111. ·
1111

11. 11111111 11111111

’Μ’

11. 11111. Δ
N0. eccm

· ’ , ,1111111111 1111111111.

11111111 111111 11 11. 1111111 1111111111 11111111 111 3111111111 1111111111
11111111111111111111111111111111111111111111111111111 1111111111
1111111111 111 1111 1111111111 11111 111111 1111111. ’

..ω

1111111111111.111. mmmmm 111111 111111 111 11111111 ’

1111. 11

1 111111111111111111111 f

1
1

 

