15²0. ,
13. 8111111.

N⁰. CCXXXV.

11111111111111111111111 1111111111111111111111

1111111111 6111111111111111111111111111111111111
1111111111 11111111116111111111111111111111111111 111 ·
11 Nm 11111111 111111 11111111 111. 111. 11 111111. 1. 1. 11111. 1111 111
1111111111. 1111111. 6111111111111111111111111111. 11. 111, mosim 1111111

111111111111111111111111111111111111111111.1111111111.111111 ’ · ,
111 111111 1111111111 s. 11111111111111111111111111111111 1111111111 ’ .

11111111111111116111111111.111111111111112115121. 6111111111

211111.111111111111.111111111111.1111.1111111111457.Ι
111111. 211

inem 11111111 11111 1111111111 11111111 hem 11111111 111

1111111111 111 11111111 8111111111111 1111 1111111111
111 1111111111.11111111111111111111 1111111111 51111111
11171111111111111111,

&ab 1111111111 (111111 111111 1111111 1111111111 1111111111 s

111 11111111. 111 8111111Θ11111111111 1111111111 11111111 Ι -
811111 1111111 1111111111 111111111111111111. 11111111 1111111

11111111111111111111111 111111 &tuat 11111111111111
1811111111 1111111111 1111 1111111111 11111 1111111111 1111111 1111
,11111111 11 1111111111 11111 11111 111 1111111111111111111111
111111.11111111111111111111. 1111 es 1111111 11111111
111 1111 1111111111 1111111. ’61111111 1111111111111 111111
1111111111111 11111 11111 111111 111111. 1111 1111111 111111 “
11111111 11111111 1111111111 11111111 111 1111111 11111111 111
1111, 111 111 1111111111 11111111 1111111 111111 11111111 11111
6111111111 1111111 1111 1111111111, 111111 6111111. 111 11111
1111 11111111 11 111 1111111111 1111111 1111111 111 1111 111 111111
111111 611111 1111111111 1111111111 11111111111111111 11111
11111111 111 111111 1111111111111 11111111 11111111 11111,
1111 111111 1111 111 1111111111 11111111 (1111 1111 11111111· -
111111111111111111111111111 111 111 1111 111 1111111111111
11111 11111111 1111. 1111111 11111111 111 11111 11111111 11111111
1111111. 1111111 11111 111, 11 111111 11111 111 11111111] 1111
11111 11111111 1111 1111111 11111111 1111) 1111 11111 1111111111.’

 

