1110. · 111 ’

6111111111. 11111111111111. 6. 1011111 1111 maten x. 1119. 11111 111
6111101101111111111 11111. 11111. 1111 11111111101111111111111111111111
1111111111 11111 1111111 1111111111111111111111 11111 6111111111 1111111111 1130.

wit 1111111111 111111111111011111111111. , x v

mem 0111111111 11111 3111111 21111011 1111111 11111111 111 11111111 ,
1111111111 1111111111 1111111 1511111 11111 31111111.

&nab 11111 111111 111 011111Ῐ 1111111111. 111111 111111 1111111111 ,
31111111. 10111011101111 11 0111111011, 11 1111111111 0111
&Item 11111111 101111 aud) 1111 1111111111111(11111111111111

11111111 111 ,11111 11111111. 111 111 &tannes 1111111 (1111111111 ,ἱ

3111111 111111, 11111111111111111 11111111 11111. 110111 111111
61111111 11111 0111111 11111 1111111111 1111111 11111 11111110111111
111 11 1111111 1111111111 11111. 1111 1111 31111111 1111) eiu 1111111101
111111111111111111111111111111 ,11111111 0111111 111 11 1111111
11111 1111111111 11111111. 111111 1111 (1011 111 111111 6111111

111 1111111 111111) 111 (1111111111 111111 1111111111] 111 11111 111111 x · ἵ
,1111111111 11111111 11111111 11111 1111111. 1111111 1111111111) 1111111 “ 1

’11111111110111111 1011111 111111111111111111111111111111 11111111 „
11111111)111111111ῢ1111111111111] 11111 11111 1111111111 11111. 11

1111 11111111 111 0111111111111111 11111 111111 0111111 1111111111
111111 111111111111111111 11111 1111101111. ,11111111 11111 11111111] *
11111111. 911111 11. 111111. 1110.
’ ’ 1111111111 1111111.

m

Ι19. 111111.
11100111.

111 61111111.

1. 1111111111 111 mammam! 1111111111 111 1111111111111111111111 11111
1111101111111111111111111111 11111 11111 11001111 60111111. 1811111111 61111111
11111 10111111 1111111111. 1111111 1.. 111 1111111 1111111111. ¹ Ι

m

ι) 61111111 1111111111.
b) 1011111 11111111 ,

 

