111 ’ 11111
' (11111111 111 1111111111 11111111 111 11111111 11111111 1111111111

- 11111111.

1111111111 111111 91111111 111 1111111111 1111111111] 111
11111111] 11111111111111 111 1111110111111. 611 111 nu
11111111 1111 11. &dene 11111111 111 11111111 1111111 1111111
1311111111 1111111111 1111 11111 111 111111 11111111 111 1111111111

. 1111111 111111 11111 111 11111111 11111 1111111111 11111111 11

11111111 1111111111. ,1111 6111111 111 6111111111 1111 ,1111
x 1111 1111111111 1). 11111111 1111111111 111111111111111
1111111111111111111111. ⁴ ·.

1111 11111. 111111 1111111 11111111 1111 1111111111111,

' ¹ 111 11 1111 1111161111 11111111111111111111111 1111

111111111111111111111111 1111111111 11111111 11 111 111 111111
111 6111111111 111 11111111 1111111111 1111111111 111111.
. 11111 111111 11111, 11111 1111111 1111111111 1111 1111 1111 111
111111111111 11111111, 111 1111111111 111 111111 11111111. wie·
11111 1111 11111 11111111 1111111 11111111 11111 1111111111·
' 1111111111 11 1111111111 11 11111111 1111111111 111 11111 1111
1111111111 1111 11 1111 1111 111111 1111111 111111 1111111111
11111111111111 11111 11111111 1111111111. j

86) 111 &- aeeter Primatum honoris, non 1111111111

111111111111111 11111111 1111111 1111111 11111111, 11111

. · 11111111111111111111111. 1111111111111111 1111 11111111 11111111·

¹ 111111 11111111111111 et administratione 111 111111111111111
11111111 1111111111111111111111. 111 1111 1111 111111 1111

Apostolatua 11111111 111 ῧ1111111 1111111111 divino 1111111 Χ

11111111 1111111. Ι ⁸
111 111111 111111 1111111111 111111 11 1111 11111111 1111
tumen 1111111111 111 111 criminatio 1111 perditio temporis, m

11 111111 11111 1111111 11 1111111. 611111111111111111111111 ξ

111111 11 111 111111 111111111111111111111111 11111 111111 111111·

¹ 111111 1111111111] 111111 111111111111111 111111111111 11111111.

1111111111 1111111 1111 1111111111 111 111111 1111111111, 111
1111 §D- 11111 1111111111. ,

11111 11111 1111 11111 1111111 11111111111111111111111111
11111111111111 1111111111 11111111111111 1111111111 111 1111111
111 1111 1111111) 111 1111 1111111111 111. 11111111 11111 111111
1111111 1111 1111 11111 111111111111111111 11111111 aueum

 

