1111. ’ 111

«1111 ,’ quam neo 111. cutm ex 11111. vale 11 nomino.
Enenberffi Mnxx, 111111 fer'ia post Maniai. ‚
¹ Martinus Luther. 1

ἱ 17. 1111111111.

ΝΟ. 0011111.
111 11111111 61111111] 61111111111111 11111111.1

1. 11111111111111111611111111 1111 1111111111111 11111111 1111111111 1111

6111111111 11111111 11111 11111 1111111111 1111 1111111111 1111111111 111111 111· . ’

1111111111 11111111 11 1111111111 1111 1111111111.

ιιι-μ.-

mmm 11111 ’111111 1111111111 1111111111 1111 6111111111111 11111. 11.
6. 31. 111 111111 ΧΧΙ. 11. 1111111111.11.1159.134.

nem 1111111111 11111 11111111 mato 6111111111 11161111
λ {13:33ss 6111111111 11, 11. 1111111111 1111111116111111111 ·

111111.

1111111111. 111111-11111111111 111111 111111 1111 1111

111111. &tut 6111111111 1111111111 11111111 1111111111ῦ111· ·
1111111 11111111111111 11111111 11111111 (1111 11111 11111 111
1111 11111111 1111 111111 11111111. 11111 1111 11111 1111111 11111
1111111 111111111118111111 11 111 1111 1111111111 111 11111111
teutberga 11111. 1111 11111111111111111111111111111 111 ffl- 1111
11111 1111 11111111 1111 11111 1111111111 11111111 1111111111 11111
11111111 meist 111116111111111111 11111 11111 1111111111
1111111 111111 ,11111 1111111111 1111111111 1111. ,11111 1111111111
1111111111 111111 (111111111111111 1111111111 111 111111 1111
1111111 (11111 1111111111. 6111111111 111 11 11111111 &inu '
11111111, 1111111 1111 111111111111111111111 11111. ῦσ ’
111 11111 11111 11111111 111 11 1111111 1111 1111111111 1111.
1111111111111111111111111111) 111 1111111111 11111 11111 11111
111111 1111111111 1111111111 111111 11111 1111111 11111111 11

m

·) 1111111 11111· 1111111 111 1111111 ,

 

