¹ ¹ ι xxm ·
1518.

vetem 88888888 888 8888888 88888 888 88888888 8888 888888·
88888 8888888888888.
17. 8888888 888 8 88888888 88 888 88888888.
= 18. 88888888 scine 88888888 888 8888888888 88
88. 888888 88 bet 68888 888· 88888888 88. - .
28. 8888 88888888 8888888 88 888 8888888888 888 88888888
88 88888.

81. 8. 888888 had) 8888888888 888888

8888388888 2 samm 88 888 8888888888 888 8888888888 888 88888

88888888 88888888

28. ‘hem 8888888888 88 888 8888888888 8888888888.

neuqua
2. 8. 888 888 8888888 8888888888 88 88888888

8. met 8888888 88888888 888 88888888 8888888.
9· &it Acta Aug. {inb 88888.
1588

an 88
{nigua- 8888888 888 8888888888 888 8888. 8888888888
8. 888· 88 8888888888 8888 8888888888 8888 888 88888
88888 8888888888 8888888.
11. 8. 88888 888888 88 8888888888 88.

ςεῖῗω 8. 888 8888 8888888888 ¹¹¹st ⁶⁰¹¹ ww θ’( Μ’

8888888 88 8888888888.
8888. 88888888 8888888888 888 888888 88888888 'fo 888 888

88888 8888888888 88888888 888 8888888888 888888.

ma‘its 8 8 88888 88 888 8888

27. mention 888 0888888888 m Psalmos. ⁸
28. 888888 88 8888888
- offena 888888 88 8888888888 888888. 888888888888888 ’
88 888 88888888 8888888888 8888888. ·
888888. 8. 8888 13 888888 8888888 8888 88888 88 8888888 888·
888888 88888888 sou.
- 8888888 888888888888888 88 8888888888 88888 8„ . .=
- 8 8888 [tine Excusatio adv.1criminationes Εοοὶἰ

888888

uma. 8888888 88888 8 888 8888888 888

1⁵ 8 8888888 88 888 8888888888 88 88888888.

 

