xivfltff

η 10. 2222222 2222 222222 222222 22222222 222 Magum.
2226. gaggan 222 22222222 222 2222222.Ι
29. 2 22222222 222. 22222 222 2222222 2222222222 2

. . wrm! 2222222222 2222222222 2222 222 222222 i

. “ matum 222 2222222 222 ’22222 2222222222. 2
. 022122τί222. ’ Ι y
. 2.' ἲ2. 22222 222 2222222222 22. ’
. 22 2222222 22 222222.

. 22 2222222 22 2222222222 2222. 22.

,. 622222222222222222222. ,

. 222222 22222 22 2222 222 2222222222222222

. 32222222 2222222.
. 22222222222222222 2222 2222222 222222. 1
. 22222222 222 2222222. 2
22222222 22 2222222222 2

. 222222 22 22222 222222] 222 222 22222 222 222 3
2322222 222 222222. ³

1. 2. 2222222 22 2222 2.222
2. 22 222 222222. -
. , 2. ξωιζίὲῗῖὲἱῗεωῐπ22222222 22222222 222 222 22222· 2
2. 2222. 2222222222ηᾴ 22222 222222.
“ ‘Mys ⁴
...ὦ .

 

