dum .

3111111311111111 ,Ι

1111 1111111111 11161111111111111111111111
· 1.· 1 1111111111111111111111.

11. 1111111111 6111 111111 111 111111 11.

1111111111111 6111111 1111111 111111 1111111111 11111111 ,

1118.
, ’,11111111

1. 1. 11111 1111111 ’

²¹1⁵t ἰ 111111111111111111111111111111111111 111111.

181111111111111111111.
26 1111111111 111111111111.

,‘ Ψ 111111111111 11111111111111111111111 111111.

15.1111111111111 1111111111
221111111111111111111111 1111111111111111111111
luti'ones disputationum de virtute indulgentiarum. 1
30.,’ 11 111111111111111111111 111 1111 111111.
{Eius 111111111111111 111 111111 111 131111,
1111

· f 11111111111111111111 111111111111.

1111111

1. zmdstwfflmmmmm. ’

11. 11111111 11 11111111 111 11111111111111111111.

23 §Det 111111 1111111111 1111 11111111 11111111 1111111
6111111 1111111111. ·

31.1 11111111 11111111 11111 11111111 1111 11111111

, 11111111 21111111
6111111111

’ . 9 111111111111111111111111111111111111111

11111111
’ 11111111111111111111111.

13 1111111111 1111 1111111 1111 111 1111 11111111.

1111111111 1111 11111111 11111111 1111 111111111111111 .
11 .

 

